向量转换欧拉角
161.65,146.38,90.05
欧拉角转换向量
-107374176.00,-107374176.00,-107374176.00
欧拉角转换四元数
0.77,0.59,0.16,0.16
四元数转换欧拉角
59.90,59.06,59.90
欧拉角转换矩阵
0.899382,0.215644,0.433278,0,
0.433278,0.25046,-0.86576,0,
-0.0581633,0.966378,0.25046,0,
0,0,0,1
矩阵转换欧拉角
60.00,60.00,60.00
矩阵转换四元数
0.77,0.59,0.16,0.07
四元数转换矩阵
0.8976,-0.0576,0.4352,0,
0.4352,0.2526,-0.8574,0,
-0.0576,0.9598,0.2526,0,
0,0,0,1
欧拉角标准化
15.00,90.00,15.00
四元数标准化
0.77,0.59,0.16,0.16
四元数相乘
0.19,0.57,0.15,0.15
四元数求差
0.53,0.19,0.17,0.12
四元数点乘
0.88
四元数求逆
0.78,-0.59,-0.16,-0.16
四元数求角度和旋转轴
angle=79.33,p:0.59,0.16,0.16
四元数插值
0.77,0.59,0.16,0.16
