欧拉角转换向量
30,0,0	-0.50,-0.00,-0.87	0.00,1.00,0.00
向量转换欧拉角
1,3,5	-168.69,30.47,0.00
欧拉角转换四元数
30,45,60	0.44,0.02,0.36,0.82
四元数转换欧拉角
0.44,0.02,0.36,0.82	29.74,45.01,59.82
欧拉角转换矩阵
10,20,5	0.99,0.08,-0.14,0.00,-0.03,0.94,0.35,0.00,0.16,-0.34,0.93,0.00,0.00,0.00,0.00,1.00
矩阵转换欧拉角
0.99,0.08,-0.14,0,-0.03,0.94,0.35,0,0.16,-0.34,0.93,0,0,0,0,1	9.76,19.88,4.86
矩阵转换四元数
0.99,0.08,-0.14,0,-0.03,0.94,0.35,0,0.16,-0.34,0.93,0,0,0,0,1	0.18,0.08,0.03,0.98
四元数转换矩阵
0.18,0.08,0.03,0.98	0.99,0.09,-0.15,0.00,-0.03,0.93,0.36,0.00,0.17,-0.35,0.92,0.00,0.00,0.00,0.00,1.00
欧拉角标准化
650,-400,500	-70.00,-40.00,140.00
四元数单位化
4,6,8,2	0.37,0.55,0.73,0.18
四元数相乘
4,6,8,2	5,4,3,1	28.00,-14.00,28.00,-66.00
四元数求差
4,6,8,2	5,4,3,1	-0.07,0.25,-0.13,0.58
四元数相乘
4,6,8,2	-0.07,0.25,-0.13,0.58	4.96,4.02,2.96,0.98
四元数点乘
4,6,8,2	-0.07,0.25,-0.13,0.58	1.34
四元数求逆
4,6,8,2	-0.03,-0.05,-0.07,0.02
四元数求角度和旋转轴
4,6,6,4	133.81	0.43,0.64,0.64
四元数求角度和旋转轴
0.39,0.59,0.59,0.39	134.10	0.42,0.64,0.64
四元数插值
1,3,5,7	4,8,15,9	0.5	0.16,0.37,0.67,0.62
四元数插值
0.11,0.33,0.55,0.76	0.2,0.41,0.76,0.46	0.5	0.16,0.38,0.67,0.62
