矩阵求逆
1 -1 2 1 
1 -1 4 2 
-1 -4 -6 4 
2 1 1 2 
逆矩阵：
1.19298 -0.807018 -0.140351 -0.719298 
-0.736842 0.263158 0.263158 0.473684 
-0.0526316 -0.0526316 -0.0526316 0.105263 
0.245614 0.245614 -0.0877193 0.175439 
矩阵相乘
90 100 110 120 
202 228 254 280 
314 356 398 440 
426 484 542 600 
矩阵乘向量
38.00,44.00,50.00,56.00
,0
矩阵乘位置
51.00,58.00,65.00,73.00
,1
矩阵标准化
1 0 0 0 
0 1 0 0 
0 0 1 0 
0 0 0 1 
矩阵转置
1 2 3 4 
5 6 7 8 
9 10 11 12 
13 14 15 16 
矩阵标乘
5 10 15 20 
25 30 35 40 
45 50 55 60 
65 70 75 80 
矩阵设置旋转
1 1.6476 2.25722 0 
2.25722 1 1.6476 0 
1.6476 2.25722 1 0 
0 0 0 1 
矩阵设置缩放
1 0 0 0 
0 2 0 0 
0 0 3 0 
0 0 0 1 
矩阵设置平移
1 0 0 1 
0 1 0 2 
0 0 1 3 
1 2 3 1 
